152665
155473
156107
161411
170593
172207
172479
196644
207363
209079
217184
217578
220543
221862
222049
222056
222203
224758
235135
238753
239382
246542
248428
249218
250559
251277
254607
277619
289096
290139
290959
291901
292167
292773
293960
295801
296008
298266
299333
302743
315326
323411
328455
329283
330793
332673
333008
338195
344340
344541
346825
346840
347064
351167
352005
364138
364841
367540
368348
369827
371057
371205
372271
377668
380548
380606
381741
384487
389501
394658
394661
394662
394844
397303
401620
405624
408203
419043
419173
422972
423741
429673
430558
430833
430868
437962
445031
446304
447519
455448
460855
462625
466950
467490
472377
472674
473978
474099
474457
481704
483619
486871
488675
493277
500360
501960
514535
514672
519520
520749
525886
526681
528031
528068
529369
531439
538543
541626
548840
550083
550309
554066
556063
564996
565709
566858
571393
574838
578848
580354
581007
584156
584246
592172
595540
595896
600513
601785
606853
607519
608318
609187
615420
615959
619702
623955
627392
627400
631031
635844
636219
636977
641125
645623
647151
652177
653172
653587
658257
659355
665877
665894
665902
666103
668025
668654
669365
669750
671211
671833
672965
674594
674978
675124
681350
683336
684015
688790
691835
693857
693992
694713
700471
702819
703163
704980
707530
708001
710176
710910
711114
711501
711991
713481
714376
714464
717837
719492
721152
721932
724632
733916
735331
740596
741448
741929
742581
746234
748726
748741
748998
750591
760511
766502
769055
769588
771616
772197
772397
773104
776033
776612
780100
782163
782522
788915
789347
791423
791917
795184
797707
798876
800988
802182
802464
803992
804903
807471
810469
810757
817771
818735
819925
821702
824953
826647
829848
829918
832563
832831
834796
835065
840017
843608
846067
846544
851096
851871
853614
860644
860950
861333
862223
862903
868077
869713
873935
874685
875519
876223
885972
886366
887657
888875
890094
893901
894248
897730
898110
899159
901312
901989
903083
904141
904772
907110
911399
912192
912194
912527
915390
916736
917240
920145
921206
922161
922825
923670
934974
936195
937429
939626
939883
940491
942240
943855
943881
945695
947387
951526
959636
960549
961732
962658
963899
963995
965669
966052
966629
966675
968460
969910
969953
969981
970402
970456
971589
971757
975845
976155
978560
978832
979902
980384
980486
982165
982172
983512
989252
993835
994817
995952
997828
998105
1000004
1000429
1002137
1002826
1004070
1009305
1011141
1012223
1012892
1013644
1014428
1015324
1015654
1015905
1015994
1016000
1017101
1020382
1024810
1025912
1029543
1030125
1030497
1030776
1033724
1034696
1034725
1036525
1037392
1038954
1040274
1040947
1041412
1042538
1042541
1042542
1042654
1042947
1043968
1045286
1045287
1045915
1047876
1048524
1049228
1049633
1051047
1052179
1053531
1053830
1055211
1056478
1056479
1056675
1059192
1061387
1061880
1062608
1064571
1066470
1067306
1067655
1070034
1070046
1070957
1071413
1073114
1073144
1074715
1075351
1075554
1075635
1075812
1078603
1078873
1078899
1079012
1079016
1079791
1080602
1081073
1083517
1083982
1085555
1086111
1086997
1087477
1089011
1089398
1092497
1093043
1093064
1093066
1095022
1096500
1100097
1101301
1102223
1102533
1102562
1102907
1102994
1104803
1105205
1105209
1105213
1105214
1105216
1105641
1106319
1107955
1107970
1108982
1109014
1111003
1112479
1114093
1114379
1117275
1117694
1118319
1118624
1119811
1120233
1121769
1126332
1128265
1129137
1130075
1130287
1130761
1132465
1135833
1137313
1137537
1139085
1139088
1140249
1142688
1144387
1144432
1144876
1145546
1147740
1151940
1152520
1153602
1155069
1157918
1159481
1160192
1162063
1162531
1162734
1167750
1168387
1169560
1173028
1173044
1175276
1178130
1179438
1179706
1181358
1183222
1183250
1183885
1184493
1184745
1184861
1185947
1186991
1188198
1190780
1190995
1191731
1193846
1197072
1201025
1201401
1202803
1206666
1207988
1209979
1210966
1217191
1222927
1224977
1224998
1225301
1227518
1231943
1234779
1235233
1236845
1236859
1237153
1239259
1240718
1242350
1243749
1244566
1245124
1245541
1248305
1248384
1250833
1251669
1251942
1252492
1253551
1255799
1257966
1259750
1262473
1262718
1262843
1263410
1264233
1265391
1267058
1269596
1273334
1273562
1274597
1282077
1282153
1282470
1285555
1286911
1287911
1288948
1296811
1298522
1304303
1305727
1306211
1306286
1307155
1307814
1308235
1308619
1320017
1320263
1322434
1325905
1328265
1328299
1328833
1328869
1331278
1331811
1331818
1332539
1332547
1332766
1335996
1336478
1337274
1341108
1342499
1342828
1343787
1344923
1348626
1349232
1349968
1355288
1356948
1358611
1359614
1359780
1364866
1366100
1367970
1371173
1371333
1378606
1381361
1381373
1381526
1383864
1384008
1385135
1385830
1386254
1387200
1388765
1390598
1391502
1393114
1393601
1394276
1394627
1396194
1400348
1401009
1401089
1403084
1404018
1405341
1406994
1407253
1409283
1409857
1411212
1411277
1412361
1412696
1413610
1413870
1414971
1415222
1417406
1417439
1418341
1418975
1419010
1419130
1419545
1421991
1422151
1425613
1425635
1426235
1426832
1427169
1427880
1430265
1431023
1432160
1432690
1433270
1434766
1435039
1435462
1435761
1436783
1436892
1436942
1437753
1438439
1438481
1441005
1442737
1442745
1442749
1443024
1443575
1446412
1447327
1447632
1448268
1449137
1450717
1450781
1452108
1452440
1452947
1456131
1457011
1457490
1457524
1459387
1459962
1460284
1462077
1462106
1462875
1463803
1464402
1465497
1465604
1465717
1466030
1466038
1466367
1466878
1467028
1468074
1470351
1471515
1474359
1474666
1478929
1479594
1484887
1488095
1488324
1488994
1489589
1491901
1493485
1493884
1494107
1494116
1494292
1495074
1495423
1496859
1498150
1499988
1500651
1500755
1501108
1501889
1502576
1503405
1509186
1509353
1511469
1511878
1512101
1513522
1513586
1513959
1520393
1522143
1523974
1528927
1532637
1532718
1533305
1533753
1533968
1535005
1536635
1538990
1541444
1541943
1542780
1542928
1545432
1546645
1548543
1549377
1550049
1550050
1550108
1550110
1550118
1553963
1554196
1554721
1556250
1561047
29-08-21