72952
95269
152665
155473
156107
161411
170593
172207
209079
220543
227565
248428
249218
254607
277619
290959
292167
293960
316625
329283
330793
332673
338195
344541
351167
351336
364841
367540
369827
371205
372271
377668
380548
380606
381741
387283
394658
394661
394662
397303
398913
406318
433284
437962
445835
462625
463313
473978
483619
489086
502648
514672
526681
544996
564996
565709
574838
584156
585435
592172
592438
608318
615959
621359
631031
652177
671833
672965
675124
693992
697298
703163
704980
707530
710176
711114
711991
713481
714464
721932
733916
748726
748741
776033
783175
795777
802464
810757
821702
829848
832563
832831
860644
860950
875519
890094
901989
917240
969953
970456
975845
982165
989252
994817
995952
1000004
1012223
1015994
1016000
1017101
1030125
1030497
1034696
1040274
1040947
1041412
1042538
1042541
1042542
1042654
1045286
1045915
1051047
1053531
1055211
1056478
1056479
1059192
1062608
1070957
1073114
1078603
1078899
1081073
1086111
1086997
1104803
1105209
1105213
1105214
1107955
1107970
1108982
1112479
1118319
1119811
1120233
1128265
1144876
1162531
1162734
1167750
1169560
1181358
1183250
1183885
1193846
1201025
1201401
1206666
1245541
1269596
1282153
1320263
1324022
1335958
1336478
1337274
1339321
1341108
1342499
1342828
1343787
1348624
1348626
1349232
1349968
1350110
1352392
1353654
1353974
1355288
1356948
1358611
1359492
1359614
1359780
1364866
1366100
1367970
1371333
1378606
1381361
1381373
1381526
1383864
1384008
1385830
1386254
1388765
1391502
1393601
1394276
1394627
1396194
1400348
1401009
1401089
1403084
1404018
1407253
1409283
1409857
1411212
1411277
1412361
1412696
1413610
1413870
1414971
1415222
1417406
1417439
1418341
1418975
1419010
1419130
1419545
1421726
1421991
1422151
1423260
1423265
1423355
1425613
1425635
1426235
1426832
1427169
1428054