57509
79512
82725
83576
92639
93119
97814
97962
97978
106740
109302
111838
115730
118432
118435
120590
123605
124066
124671
124867
125856
126103
127094
130307
131959
133636
134104
135629
137478
140609
141099
141935
144699
144738
145225
146423
148019
148620
149129
149870
151345
153239
154872
157970
158768
158777
159615
159872
160251
160320
160779
161280
163807
165464
168339
169134
171158
171289
171761
171962
172865
173013
173213
173743
174933
176636
177536
178476
179710
181204
183272
183886
186799
189577
190935
191666
192569
193271
193345
193808
194692
195772
197625
197660
198562
199055
199167
199989
201025
203722
203745
204087
204092
204601
204762
205396
205879
206536
207390
207437
208957
211199
212398
212725
213202
214556
214870
221756
223017
226867
228489
233623
234090
234247
234819
237342
239634
240196
240197
240562
242159
243027
243640
245781
248444
249218
253797
261847
264127
264475
265047
268747
270225
275223
277145
279815
283433
287354
289422
291179
291906
292214
292558
292773
296478
297957
298376
298570
302513
302528
303653
306180
307602
308057
309176
309866
312417
314255
315350
315640
316319
316625
317255
318182
319009
319401
322962
323476
323493
324288
328259
329912
330459
332338
332623
333345
334753
336128
336771
338195
338312
339437
344541
344628
345333
346571
347214
347792
348271
350224
350353
351315
351481
351484
352349
352350
352461
353537
355637
357383
357538
358139
358432
360749
361147
361806
361934
363787
364117
365121
366533
366741
367540
367542
368331
368415
368998
369827
371144
371237
372431
373167
375886
376619
377277
377668
378705
379028
379430
379591
379610
380548
381741
381951
382201
383444
388718
388939
389900
391590
392538
392775
392950
392965
394658
394661
394662
394957
397303
397465
398121
398319
398683
399101
399147
399258
401404
402112
402213
407499
409152
410077
411121
411939
411948
412375
413992
416059
417717
419770
420759
421600
422279
424033
424666
425341
425430
425431
425433
427359
429948
431017
431508
433085
433866
435161
435711
437159
437587
439038
439626
440219
444922
446660
447009
448405
450453
451949
452491
452628
453564
454842
455039
455305
456814
457502
457753
458257
460930
462333
463793
466950
468138
469856
469907
469978
470600
471291
471908
472231
472712
475424
476198
476841
478860
482512
482542
482594
482681
482966
483106
485064
485726
486990
487140
487973
494680
496558
498236
500763
500767
501361
502651
504286
505141
505611
506092
512652
513607
513733
515376
515794
517433
519524
519581
519668
520227
521879
522669
527183
528421
528795
528825
528896
529159
530362
532752
532870
534894
535788
536194
536256
536565
537116
538748
539124
539709
540412
541898
542259
544651
544749
545564
546442
546739
548037
550501
551790
551894
554066
554430
555896
558112
559067
559139
559306
562475
563473
563480
564025
564238
564996
569223
569431
569573
571145
571329
574940
577040
577578
579791
581555
582177
583943
585243
585927
586523
586983
588087
588859
590828
591053
591365
592702
593475
595470
596329
597561
598365
599748
601635
602617
606041
607120
609946
610471
611161
611194
611287
611338
611661
612601
612665
613071
615168
615711
619825
622129
622176
622543
623723
623956
624040
624286
626227
626431
626677
627392
627400
629377
631380
631752
632158
632399
632828
633928
634955
635143
635572
636272
637650
638356
640651
640702
641196
641500
643053
644627
645554
647605
648092
648584
649188
651664
652177
652921
653387
653670
654545
655451
657152
659838
665902
666103
668025
668389
670393
671203
671242
671833
674077
678201
678271
679765
680732
680845
681789
681976
682319
685233
686002
686545
687477
688790
689120
691012
691813
692076
692861
695388
695842
697587
702318
702339
702706
703708
704324
704650
704680
705158
706027
711501
711657
711894
711991
712033
715625
716242
716468
717277
717822
718254
723255
727674
728378
730558
734316
734475
738613
738643
738670
739409
741613
742066
742433
742552
744132
745470
747195
747876
748726
748998
749261
750620
751235
751643
755581
755987
759338
762153
763194
763299
764086
764230
765617
766444
767808
768572
770661
772316
773350
773427
774278
775139
775461
778765
778822
780306
783664
784776
787019
788024
789208
791268
791775
792043
792387
794254
795986
797173
797376
800583
800988
801866
802390
802584
804379
805084
806106
806291
806432
806496
811414
818118
818138
818145
820251
821876
826079
826739
828796
829840
830837
831039
831452
832004
833629
835346
837903
841037
843436
848714
848828
850202
850625
850880
851180
852042
852708
856460
859550
859764
860930
863739
864303
866527
866645
866936
867233
868220
868348
868727
869472
871746
872033
874954
876061
880431
880517
881430
883742
888880
890069
892383
893081
894641
896296
897033
897730
897920
899630
903146
903505
905327
910428
910780
911239
911399
911973
913729
920145
920499
922679
923367
926110
926169
927275
927564
927909
928437
929096
929113
929158
930931
932736
934038
935845
941476
943336
943983
949589
950479
952272
953201
954259
954470
955117
955218
956281
957852
958979
959731
959734
961321
961732
963933
963954
965669
968846
969305
969953
970038
971139
971385
971757
972500
973787
974206
975893
976793
977181
978560
978801
981055
981077
981585
981655
982199
982697
982701
982788
983112
986207
986783
989130
989217
989247
989499
989837
995810
996420
997214
997295
998216
999206
999230
1000429
1001212
1003138
1003203
1003461
1004070
1005305
1005766
1007004
1009252
1009264
1009305
1011756
1012370
1012511
1014893
1017581
1017704
1017773
1020077
1020321
1020392
1020825
1023964
1024338
1025912
1027253
1028059
1030267
1030668
1031213
1031902
1032167
1033319
1034375
1035019
1035382
1035668
1035988
1038179
1038875
1041791
1042121
1042647
1044009
1048245
1050018
1050839
1052737
1053596
1053943
1055010
1055108
1057234
1058330
1058403
1058554
1059403
1060146
1060147
1060920
1061231
1064663
1066288
1067257
1068053
1068624
1068775
1068955
1069953
1070126
1072784
1075246
1076481
1076594
1076812
1077552
1079532
1080510
1080536
1080674
1082922
1083861
1085413
1086025
1086489
1086681
1086850
1089721
1090584
1091625
1093043
1093064
1093066
1094182
1094255
1094412
1095407
1095788
1096829
1097155
1097159
1100523
1100653
1100762
1101744
1101745
1101884
1102533
1104409
1104951
1105358
1106762
1107398
1108026
1108429
1109231
1109416
1111230
1111243
1114110
1115273
1115381
1115402
1115887
1117442
1117451
1117453
1118906
1119811
1120352
1122735
1123054
1123786
1123794
1124276
1126009
1126424
1126556
1127334
1128071
1128306
1130075
1131312
1131395
1131534
1132139
1133266
1133649
1134313
1134639
1134763
1134854
1135002
1135005
1135136
1136765
1140272
1140640
1142111
1142344
1145546
1146767
1149894
1151124
1151362
1152391
1153114
1154713
1157373
1158144
1160785
1162531
1162535
1163134
1163652
1167750
1167897
1172232
1172934
1173525
1174539
1177668
1178955
1179156
1180467
1182450
1182559
1182958
1183222
1184035
1184134
1184257
1184469
1186381
1186991
1189483
1189942
1190299
1190457
1190681
1190972
1191560
1192921
1193362
1193987
1197032
1197072
1197739
1200897
1201025
1201295
1201401
1201568
1206666
1207336
1207494
1207721
1208884
1209831
1210174
1212165
1215053
1215061
1215486
1215803
1215880
1219031
1221325
1224977
1226949
1226963
1230508
1230760
1231551
1234779
1235657
1237398
1237399
1237404
1238222
1239259
1240231
1240532
1240594
1241625
1242090
1242614
1244052
1244281
1247501
1249062
1251271
1253146
1253890
1255146
1256191
1256576
1257097
1257235
1258541
1259637
1260747
1261974
1262473
1265795
1265807
1267359
1268249
1269679
1272122
1272749
1273414
1276101
1276242
1279120
1279220
1279323
1279532
1280945
1282142
1288323
1290915
1293978
1296388
1296777
1297151
1298155
1298881
1299055
1304816
1305727
1308099
1308186
1310612
1311641
1311712
1311754
1311760
1312268
1313083
1314665
1314803
1316538
1317026
1317158
1317233
1318363
1320169
1320923
1320952
1322131
1323154
1324893
1324896
1324904
1325385
1325905
1326075
1327168
1327439
1328289
1328869
1329694
1330239
1330310
1330922
1332766
1333841
1334959
1336256
1336258
1337105
1338584
1339812
1339942
1341950
1341957
1341978
1342682
1345786
1345891
1346002
1347238
1347605
1351311
1352775
1353315
1353486
1353973
1354082
1354279
1355383
1356350
1356403
1356966
1357036
1360153
1364892
1365450
1367219
1367970
1370234
1371932
1372710
1373144
1374893
1375859
1375925
1376212
1377443
1380326
1381361
1381526
1385170
1386254
1386595
1387890
1391396
1394137
1397352
1397411
1397827
1400100
1400393
1401785
1403993
1404066
1404466
1406230
1406653
1408566
1409857
1411386
1412610
1412696
1413366
1415441
1415443
1415444
1415470
1417439
1418284
1420082
1421822
1423709
1425188
1425320
1430724
1431055
1431206
1431897
1431948
1433922
1434351
1436823
1436975
1437737
1438346
1440220
1441219
1443374
1443388
1446340
1446412
1447537
1447850
1447886
1447953
1449111
1450218
1452440
1454123
1454209
1456516
1457496
1458462
1464475
1466959
1467964
1468757
1470226
1470606
1473114
1474733
1475162
1478552
1479403
1480791
1481129
1481135
1483268
1483593
1483722
1483944
1485528
1487284
1487402
1487419
1488740
1490230
1493496
1496381
1496725
1497235
1497877
1499077
1499093
1500231
1502524
1502768
1502890
1504921
1505924
1508006
1508215
1508428
1508829
1509149
1509186
1510057
1510736
1512032
1512320
1512757
1512994
1514149
1515348
1515545
1516291
1516398
1516550
1517313
1517707
1518710
1518714
1520093
1520319
1520326
1520399
1520406
1520914
1522154
1522307
1522506
1523061
1523367
1523654
1524617
1524703
1524803
1525071
1525248
1525491
1525828
1525917
1525985
1528183
1528379
1529102
1531469
1532029
1532139
1533059
1533888
1534305
1534374
1534712
1534870
1535602
1537323
1537350
1538328
1538898
1540080
1540860
1541008
1541891
1541986
1542041
1544311
1545485
1545914
1546201
1546482
1552001
1552651
1553126
1553986
1555801