155473
156107
170593
172207
196644
217184
217578
220543
221862
222049
222056
222203
235135
238753
239382
246542
248428
250559
251277
277619
290959
292167
292773
293960
323411
329283
330793
332673
338195
344340
344541
351167
364841
367540
368348
369827
371057
377668
380548
389501
394658
394661
394662
394844
405624
423741
447519
462625
466950
472674
473978
474457
481704
493277
500360
501960
520749
525886
526681
529369
531439
538543
541626
550083
564996
565709
566858
571393
578848
580354
584156
592172
606853
615420
619702
631031
633824
645623
652177
653172
653587
659355
665877
665902
669750
671211
671833
672965
675124
681350
683336
688790
691835
693857
693992
694713
702819
703163
704980
707530
708001
710176
711114
711501
711991
713481
714376
714464
719492
721932
733916
741448
741929
742581
746234
748726
748741
750591
760511
766502
769055
769588
771616
776033
776612
782163
791423
791917
798876
802182
802464
803992
804903
807471
810757
818735
821702
824953
826647
829848
832563
832831
834796
843608
846067
846544
860644
860950
861333
862223
862903
869713
875519
876223
885972
886366
890094
893901
898110
899159
901312
901989
904772
907110
911399
912192
912194
915390
916736
917240
920145
921206
922161
922825
923670
939626
939883
943855
943881
945695
947387
951526
959636
961732
962658
963995
965669
966052
966629
966675
969910
969953
969981
970402
970456
971589
975845
978560
978832
979902
980384
980486
982165
982172
989252
993835
995952
997828
998105
1000004
1002826
1004070
1009305
1011141
1012223
1012892
1013644
1014428
1015654
1015905
1015994
1016000
1017101
1020382
1024810
1029543
1030125
1030497
1033724
1034696
1034725
1037392
1038954
1040274
1040947
1041412
1042538
1042541
1042542
1042654
1042947
1043968
1045286
1045287
1045915
1048524
1049228
1049633
1051047
1052179
1055211
1056478
1056479
1059192
1062608
1064571
1066470
1067655
1070957
1071413
1073114
1073144
1074715
1075554
1075812
1078603
1078899
1079012
1079016
1079791
1080602
1081073
1081490
1083517
1083982
1085555
1086111
1086997
1087716
1089011
1089398
1093043
1093064
1093066
1095022
1096500
1100097
1101301
1102223
1102533
1102562
1102907
1102994
1104803
1105205
1105209
1105213
1105214
1105216
1106319
1107955
1107970
1108982
1111003
1112479
1114093
1114379
1117694
1118319
1118624
1119811
1120233
1121769
1126332
1128265
1129137
1137313
1139085
1139088
1140249
1144387
1144876
1145546
1147740
1152520
1159481
1160192
1162063
1162531
1162734
1167750
1168387
1169560
1173028
1173044
1175276
1178130
1179438
1179706
1181358
1183250
1183885
1186991
1191731
1193846
1197072
1201025
1201401
1206666
1224977
1224998
1225301
1234779
1235233
1236859
1237153
1239259
1240718
1244566
1248384
1250833
1251942
1252492
1262473
1262718
1263410
1273334
1282077
1282153
1282470
1296811
1307814
1308619
1320017
1320263
1322246
1322434
1325905
1328265
1328833
1331811
1331818
1332766
1336478
1341108
1343787
1349232
1356948
1358611
1359614
1359780
1366100
1367970
1378606
1381373
1381526
1384008
1385830
1386254
1394276
1394627
1401089
1407253
1409857
1411212
1411277
1412361
1412696
1413610
1414971
1415222
1130075
1000429
381741