1282077
1286911
1423265
1095022
1159481
1121769
1422151
1262843
1421991
1184745
1306211
1419545
1419130
1419010
1418975
1102223
1274597
1418341
1417439
1193846
1417406
1415222
1130287
1140249
1173028
1414971
1413870
1413610
1304303
1269596
1412696
1243749
1412361
1411277
1411212
1288948
1409857
1409283
1407253
1404018
1403084
1401089
1401009
771616
1396194
1394627
1394276
1305727
1393601
1388765
1386254
1385830
1384008
694713
1381526
1381373
1381361
1320263
1285555
1378606
795184
584156
1335996
1332766
1332539
1371333
1367970
1366100
1364866
1206666
473978
1359780
1359614
1358611
581007
1356948
1341108
1344923
1355288
1184861
1343787
1349232
1056675
1342828
1342499
221862
1337274
1336478
1307814
1332547
1328833
1331818
1331811
1328299
592172
1328869
1328265
1325905
1308235
1322434
1320017
668025
1307155
1308619
1287911
1034725
1267058
942240
1298522
1075635
1070034
1210966
1296811
1197072
1129137
1282153
1273334
1282470
1253551
1242350
217578
1259750
1273562
1271859
1101301
1128265
1262718
1265391
1262473
1264233
1224977
1255799
817771
1263410
1251942
1188198
1109014
1257966
1236859
1201401
1142688
1252492
1251669
1250833
1248384
1222927
1248305
1245541
875519
1235233
1245124
1244566
1239259
196644
1240718
1190780
1201025
1237153
1236845
1234779
1036525
940491
1231943
1227518
1225301
1224998
1207988
1217191
1179438
170593
1162531
1209979
897730
1009305
1100097
1167750
802182
1202803
1178130
1176638
1181358
684015
1175276
1105214
1191731
1132465
1190995
1015324
1186991
1185947
1183250
1184493
1183885
1029543
1183222
1151940
1179706
971757
1102533
1130075
1105641
791423
769588
1173044
1155069
1169560
1144876
1168387
920145
1167593
904141
1162063
1105213
1105216
1105209
1162734
1160192
1025912
1157918
1004070
1119811
1153602
1152520
1137313
1144432
1147740
1145546
1144387
1139088
1139085
1137537
1135833
907110
1130761
1117694
1126332
960549
1118319
1120233
1108982
1000429
1118624
1117275
876223
1104803
1114379
1114093
1112479
1045915
1111003
1107970
1106319
1107955
1102907
1105205
1102994
1102562
1070957
1087477
1096500
1093066
1093064
1092497
1093043
1085555
681350
969953
1089398
1089011
1087716
1086997
1086111
1015654
1075351
1083517
1083982
1078873
1081073
1045287
1040274
1080602
1042541
1030497
1078603
1079791
1079016
1079012
1078899
668654
888875
1075812
1075554
1071413
1074715
1073114
1073144
943855
803992
1053531
1070046
1062608
1064571
1067655
1067306
1066470
1000004
1038954
1030125
1061880
1061387
1059192
1047876
934974
1056478
1056479
1055211
1053830
1052179
1051047
1049633
1049228
1048524
1037392
1045286
1042654
1043968
1042947
1042542
1042538
1041412
1040947
1034696
1033724
1020382
1030776
1016000
862903
1024810
901312
1015994
1012223
520749
1014428
1015905
1017101
951526
488675
916736
1013644
1012892
1011141
989252
978560
975845
1002826
966629
1002137
976155
997828
998105
890094
995952
994817
993835
943881
959636
248428
980384
983512
979902
982172
982165
980486
978832
971589
862223
970456
970402
969981
969910
963995
968460
962658
966675
966052
965669
963899
912194
961732
807471
945695
901989
947387
939883
939626
937429
800988
917240
904772
893901
923670
922825
703163
922161
921206
798876
912527
915390
903083
912192
911399
899159
898110
894248
700471
873935
840017
887657
886366
885972
666103
874685
810757
860950
861333
868077
869713
797707
717837
714376
571393
860644
853614
851096
851871
834796
846544
846067
843608
832831
467490
819925
780100
835065
832563
829918
829848
826647
351167
824953
821702
818735
810469
615959
772197
711501
372271
802464
748726
804903
296008
791917
788915
789347
776612
782522
782163
748998
776033
773104
772397
769055
766502
665877
748741
623955
659355
760511
714464
710176
330793
665902
719492
750591
564996
652177
746234
742581
299333
293960
741929
741448
740596
735331
733916
721932
528031
724632
721152
710910
580354
713481
711991
711114
708001
707530
704980
702819
332673
669365
683336
671833
693992
693857
691835
688790
672965
675124
292167
674978
674594
671211
627400
669750
665894
658257
501960
653587
653172
641125
647151
600513
645623
636977
636219
635844
631031
472674
627392
619702
578848
615420
595540
609187
608318
607519
606853
566858
601785
595896
574838
584246
422972
550083
565709
466950
556063
554066
529369
550309
548840
541626
538543
531439
528068
526681
525886
519520
514672
514535
500360
493277
389501
486871
483619
481704
347064
474457
474099
472377
462625
397303
460855
381741
455448
423741
447519
446304
445031
430558
437962
430868
430833
429673
419043
419173
380606
405624
408203
289096
401620
368348
394844
394662
394661
394658
384487
380548
371057
377668
371205
364138
369827
367540
364841
352005
346825
346840
344541
344340
338195
333008
329283
328455
323411
315326
249218
302743
161411
298266
295801
290139
246542
292773
291901
290959
254607
277619
239382
251277
250559
238753
222203
220543
235135
156107
224758
222049
172207
222056
217184
172479
209079
207363
155473
152665